0:2:0.43384619428474
2:0:0.43384619428474
0:3:0.46916024596547
3:0:0.46916024596547
0:4:0.71953530084405
4:0:0.71953530084405
0:5:0.47033998047954
5:0:0.47033998047954
0:8:0.96242603271846
8:0:0.96242603271846
0:15:0.83178949250417
15:0:0.83178949250417
1:7:0.81832944990531
7:1:0.81832944990531
1:8:0.89861408217692
8:1:0.89861408217692
1:10:0.59139735282427
10:1:0.59139735282427
1:11:0.72943574583384
11:1:0.72943574583384
1:13:0.26239898400029
13:1:0.26239898400029
1:15:0.92575520016054
15:1:0.92575520016054
2:3:0.11310341441232
3:2:0.11310341441232
2:4:0.42362011847426
4:2:0.42362011847426
2:5:0.81073787690058
5:2:0.81073787690058
2:8:0.56260697406696
8:2:0.56260697406696
2:15:0.66680773564978
15:2:0.66680773564978
3:4:0.31437109590684
4:3:0.31437109590684
3:5:0.78666893924134
5:3:0.78666893924134
3:8:0.49494262660871
8:3:0.49494262660871
3:15:0.55430087563431
15:3:0.55430087563431
4:5:0.89252370078072
5:4:0.89252370078072
4:8:0.32934850455053
8:4:0.32934850455053
4:15:0.29584453402071
15:4:0.29584453402071
5:15:0.83909436246016
15:5:0.83909436246016
6:9:0.66121459718566
9:6:0.66121459718566
6:11:0.90338459073495
11:6:0.90338459073495
6:12:0.48449342303595
12:6:0.48449342303595
6:14:0.41203407626579
14:6:0.41203407626579
7:9:0.79761246483495
9:7:0.79761246483495
7:10:0.23707994735748
10:7:0.23707994735748
7:11:0.47375659839183
11:7:0.47375659839183
7:12:0.80362738046487
12:7:0.80362738046487
7:13:0.63105434344112
13:7:0.63105434344112
8:15:0.56443132842804
15:8:0.56443132842804
9:10:0.88058079520619
10:9:0.88058079520619
9:11:0.65144024905996
11:9:0.65144024905996
9:12:0.31840070244532
12:9:0.31840070244532
10:11:0.36078413739484
11:10:0.36078413739484
10:12:0.79636678749304
12:10:0.79636678749304
10:13:0.43878508830486
13:10:0.43878508830486
11:12:0.472404921947
12:11:0.472404921947
11:13:0.69767602845694
13:11:0.69767602845694
11:15:0.9611611286919
15:11:0.9611611286919
12:14:0.89383539315646
14:12:0.89383539315646
