0:1:0.416547989816
1:0:0.416547989816
0:24:0.81732521485428
24:0:0.81732521485428
0:94:0.7494343766966
94:0:0.7494343766966
1:12:0.8447878397387
12:1:0.8447878397387
1:75:0.80021110244741
75:1:0.80021110244741
1:93:0.98558918084676
93:1:0.98558918084676
1:94:0.96623902642809
94:1:0.96623902642809
2:7:0.45018083050565
7:2:0.45018083050565
2:22:0.86023832939513
22:2:0.86023832939513
2:62:0.78404647679139
62:2:0.78404647679139
2:83:0.48806862211175
83:2:0.48806862211175
3:5:0.81752026848092
5:3:0.81752026848092
3:17:0.91017704932904
17:3:0.91017704932904
3:21:0.50587873787457
21:3:0.50587873787457
3:39:0.74729718276866
39:3:0.74729718276866
3:42:0.83449775871232
42:3:0.83449775871232
3:44:0.81365230613418
44:3:0.81365230613418
3:52:0.16683122639424
52:3:0.16683122639424
3:59:0.84926470102338
59:3:0.84926470102338
3:88:0.80297653479422
88:3:0.80297653479422
4:15:0.3458450944899
15:4:0.3458450944899
4:18:0.87119764354993
18:4:0.87119764354993
4:53:0.74093043288545
53:4:0.74093043288545
4:54:0.90074526181365
54:4:0.90074526181365
4:57:0.57772916406415
57:4:0.57772916406415
4:66:0.71165623097514
66:4:0.71165623097514
4:77:0.78544430059904
77:4:0.78544430059904
5:6:0.336245546602
6:5:0.336245546602
5:17:0.74293086400288
17:5:0.74293086400288
5:21:0.36744725466659
21:5:0.36744725466659
5:52:0.6506892513352
52:5:0.6506892513352
5:59:0.97151724357338
59:5:0.97151724357338
5:88:0.61094758284683
88:5:0.61094758284683
5:98:0.67212912827168
98:5:0.67212912827168
6:17:0.61035177952767
17:6:0.61035177952767
6:21:0.54342952046236
21:6:0.54342952046236
6:41:0.92052450397438
41:6:0.92052450397438
6:48:0.78149163680113
48:6:0.78149163680113
6:52:0.88853225364728
52:6:0.88853225364728
6:58:0.84680503142569
58:6:0.84680503142569
6:59:0.9097945744569
59:6:0.9097945744569
6:85:0.78303571184078
85:6:0.78303571184078
6:88:0.52269104109638
88:6:0.52269104109638
6:98:0.88292169254755
98:6:0.88292169254755
7:19:0.63894621599852
19:7:0.63894621599852
7:56:0.60033165987125
56:7:0.60033165987125
7:61:0.91694878216879
61:7:0.91694878216879
7:83:0.89408851671019
83:7:0.89408851671019
8:42:0.55217203423726
42:8:0.55217203423726
8:59:0.77040900642683
59:8:0.77040900642683
9:25:0.82169074120771
25:9:0.82169074120771
9:34:0.35255108431385
34:9:0.35255108431385
9:47:0.7603084423653
47:9:0.7603084423653
9:65:0.93918787652685
65:9:0.93918787652685
9:84:0.79254357521608
84:9:0.79254357521608
9:95:0.70304601753833
95:9:0.70304601753833
10:12:0.6203733469998
12:10:0.6203733469998
10:20:0.24977364399418
20:10:0.24977364399418
10:22:0.49989279744287
22:10:0.49989279744287
10:24:0.97323675649116
24:10:0.97323675649116
10:54:0.44593275720532
54:10:0.44593275720532
10:62:0.60391947787644
62:10:0.60391947787644
10:64:0.50864285354918
64:10:0.50864285354918
10:75:0.80199883078186
75:10:0.80199883078186
10:83:0.74098985346702
83:10:0.74098985346702
10:90:0.36920860387118
90:10:0.36920860387118
10:94:0.94042869728138
94:10:0.94042869728138
10:96:0.93712837501636
96:10:0.93712837501636
11:34:0.89603037335678
34:11:0.89603037335678
11:84:0.44717155235817
84:11:0.44717155235817
11:92:0.35716872358714
92:11:0.35716872358714
11:95:0.51454286436385
95:11:0.51454286436385
12:20:0.76793863980516
20:12:0.76793863980516
12:24:0.98680642956937
24:12:0.98680642956937
12:54:0.83992589410035
54:12:0.83992589410035
12:57:0.93502218958198
57:12:0.93502218958198
12:64:0.23786422437406
64:12:0.23786422437406
12:75:0.20315359513155
75:12:0.20315359513155
12:90:0.25157394389916
90:12:0.25157394389916
12:93:0.51221930864265
93:12:0.51221930864265
12:94:0.9077976549098
94:12:0.9077976549098
12:96:0.49895527085325
96:12:0.49895527085325
13:23:0.7562280729303
23:13:0.7562280729303
13:26:0.64371714085572
26:13:0.64371714085572
13:29:0.67421203157478
29:13:0.67421203157478
13:30:0.78599096005812
30:13:0.78599096005812
13:36:0.67546253844229
36:13:0.67546253844229
13:38:0.61097113569379
38:13:0.61097113569379
13:50:0.80213929711738
50:13:0.80213929711738
13:58:0.99843020998602
58:13:0.99843020998602
13:69:0.66903904975441
69:13:0.66903904975441
13:81:0.92915951596765
81:13:0.92915951596765
14:41:0.84978477127299
41:14:0.84978477127299
14:43:0.47807199081557
43:14:0.47807199081557
14:70:0.39459151171599
70:14:0.39459151171599
14:76:0.8044399611734
76:14:0.8044399611734
14:86:0.40374979902605
86:14:0.40374979902605
14:89:0.96641407988679
89:14:0.96641407988679
15:18:0.65700582155495
18:15:0.65700582155495
15:30:0.79398937518186
30:15:0.79398937518186
15:35:0.84041672360699
35:15:0.84041672360699
15:53:0.41291225997186
53:15:0.41291225997186
15:57:0.91000645718012
57:15:0.91000645718012
15:66:0.63868977456138
66:15:0.63868977456138
15:77:0.48791372160137
77:15:0.48791372160137
16:51:0.14919563612355
51:16:0.14919563612355
16:72:0.77183307741653
72:16:0.77183307741653
16:79:0.56739936881562
79:16:0.56739936881562
16:92:0.80611920624952
92:16:0.80611920624952
16:99:0.19591734392611
99:16:0.19591734392611
17:21:0.55998365479555
21:17:0.55998365479555
17:36:0.94875503054235
36:17:0.94875503054235
17:48:0.32346923857939
48:17:0.32346923857939
17:52:0.81431888761499
52:17:0.81431888761499
17:58:0.60946790716362
58:17:0.60946790716362
17:59:0.32154466393392
59:17:0.32154466393392
17:85:0.98693516220178
85:17:0.98693516220178
17:88:0.14257156605641
88:17:0.14257156605641
18:19:0.93196491876153
19:18:0.93196491876153
18:35:0.6856846092446
35:18:0.6856846092446
18:37:0.88856069806269
37:18:0.88856069806269
18:53:0.76238003328395
53:18:0.76238003328395
18:56:0.93501541775977
56:18:0.93501541775977
18:61:0.56235880744533
61:18:0.56235880744533
18:63:0.95188512091977
63:18:0.95188512091977
18:66:0.33509763145127
66:18:0.33509763145127
18:77:0.28200538347388
77:18:0.28200538347388
18:97:0.79981676633076
97:18:0.79981676633076
19:37:0.43768434031496
37:19:0.43768434031496
19:56:0.04123822519695
56:19:0.04123822519695
19:61:0.3848509459506
61:19:0.3848509459506
19:66:0.95027287885442
66:19:0.95027287885442
19:97:0.49739593165182
97:19:0.49739593165182
20:22:0.31874824072668
22:20:0.31874824072668
20:24:0.81460694169799
24:20:0.81460694169799
20:54:0.65702457307175
54:20:0.65702457307175
20:62:0.70373600877351
62:20:0.70373600877351
20:64:0.71597874845404
64:20:0.71597874845404
20:75:0.96646813321887
75:20:0.96646813321887
20:83:0.65527465628837
83:20:0.65527465628837
20:90:0.53699833544423
90:20:0.53699833544423
20:94:0.80222104321988
94:20:0.80222104321988
21:48:0.87634764253381
48:21:0.87634764253381
21:52:0.35016517812737
52:21:0.35016517812737
21:59:0.68591141204954
59:21:0.68591141204954
21:88:0.41953913585812
88:21:0.41953913585812
21:98:0.984147785602
98:21:0.984147785602
22:24:0.98988601062285
24:22:0.98988601062285
22:54:0.76315660602654
54:22:0.76315660602654
22:62:0.64333469254131
62:22:0.64333469254131
22:83:0.38110748797347
83:22:0.38110748797347
22:90:0.84308226054744
90:22:0.84308226054744
23:36:0.58507235021326
36:23:0.58507235021326
23:38:0.161019395368
38:23:0.161019395368
23:48:0.74894977753237
48:23:0.74894977753237
23:50:0.4117984572565
50:23:0.4117984572565
23:55:0.43056557071996
55:23:0.43056557071996
23:58:0.64929792465798
58:23:0.64929792465798
23:68:0.33967633877784
68:23:0.33967633877784
23:81:0.88832393861038
81:23:0.88832393861038
24:87:0.63465490749717
87:24:0.63465490749717
24:90:0.94390035854263
90:24:0.94390035854263
24:94:0.092307492041961
94:24:0.092307492041961
25:27:0.61582948928689
27:25:0.61582948928689
25:33:0.58446113888808
33:25:0.58446113888808
25:34:0.65702973927257
34:25:0.65702973927257
25:40:0.96376011213866
40:25:0.96376011213866
25:47:0.43232888938358
47:25:0.43232888938358
25:65:0.62511785744972
65:25:0.62511785744972
25:67:0.31196102317949
67:25:0.31196102317949
25:73:0.89794109050858
73:25:0.89794109050858
25:80:0.8122736445991
80:25:0.8122736445991
25:95:0.9651095551262
95:25:0.9651095551262
26:33:0.60417709673318
33:26:0.60417709673318
26:38:0.97324111877298
38:26:0.97324111877298
26:50:0.79220241422427
50:26:0.79220241422427
26:67:0.9049547365711
67:26:0.9049547365711
26:69:0.23821220494535
69:26:0.23821220494535
26:81:0.52622122093496
81:26:0.52622122093496
27:33:0.95547126108833
33:27:0.95547126108833
27:34:0.73485321784483
34:27:0.73485321784483
27:40:0.34923979134118
40:27:0.34923979134118
27:47:0.3133520075347
47:27:0.3133520075347
27:67:0.82792216445466
67:27:0.82792216445466
27:73:0.32802191086345
73:27:0.32802191086345
27:74:0.60081499834118
74:27:0.60081499834118
27:79:0.87741161564781
79:27:0.87741161564781
27:80:0.21335820525719
80:27:0.21335820525719
27:84:0.75695994283185
84:27:0.75695994283185
27:91:0.51655074440476
91:27:0.51655074440476
27:95:0.73362134854277
95:27:0.73362134854277
28:31:0.92265210482743
31:28:0.92265210482743
28:32:0.095610206317718
32:28:0.095610206317718
28:45:0.35744144647969
45:28:0.35744144647969
29:30:0.22498682010346
30:29:0.22498682010346
29:35:0.84831109861761
35:29:0.84831109861761
29:36:0.83303825407208
36:29:0.83303825407208
29:53:0.63930280608521
53:29:0.63930280608521
29:85:0.89086618924337
85:29:0.89086618924337
30:35:0.74985496500391
35:30:0.74985496500391
30:53:0.42772676696499
53:30:0.42772676696499
30:77:0.88988930898653
77:30:0.88988930898653
31:32:0.94320573464304
32:31:0.94320573464304
31:45:0.88916882348538
45:31:0.88916882348538
31:46:0.63474025374625
46:31:0.63474025374625
31:60:0.83762437109833
60:31:0.83762437109833
31:71:0.3549829150705
71:31:0.3549829150705
31:78:0.90075874690199
78:31:0.90075874690199
32:45:0.27484647730564
45:32:0.27484647730564
33:47:0.93775701267226
47:33:0.93775701267226
33:65:0.77731500247568
65:33:0.77731500247568
33:67:0.30174712876073
67:33:0.30174712876073
33:69:0.45739690133707
69:33:0.45739690133707
34:40:0.94343395478341
40:34:0.94343395478341
34:47:0.4427536546152
47:34:0.4427536546152
34:67:0.96323796047991
67:34:0.96323796047991
34:80:0.78639391806164
80:34:0.78639391806164
34:84:0.51576471309962
84:34:0.51576471309962
34:95:0.42299013278863
95:34:0.42299013278863
35:53:0.55520871814396
53:35:0.55520871814396
35:63:0.59105676143223
63:35:0.59105676143223
35:66:0.98909004988488
66:35:0.98909004988488
35:77:0.48238742327463
77:35:0.48238742327463
36:38:0.46464176692332
38:36:0.46464176692332
36:48:0.65848394012404
48:36:0.65848394012404
36:50:0.93798648519365
50:36:0.93798648519365
36:55:0.96091170433385
55:36:0.96091170433385
36:58:0.33932196442225
58:36:0.33932196442225
36:68:0.90703053948907
68:36:0.90703053948907
36:85:0.59597800686888
85:36:0.59597800686888
37:56:0.47738831757397
56:37:0.47738831757397
37:61:0.40245134163656
61:37:0.40245134163656
37:63:0.94766247499876
63:37:0.94766247499876
37:97:0.11120624169663
97:37:0.11120624169663
38:48:0.77599672756155
48:38:0.77599672756155
38:50:0.47643465380098
50:38:0.47643465380098
38:55:0.59149808165616
55:38:0.59149808165616
38:58:0.60595934036336
58:38:0.60595934036336
38:68:0.49800333140563
68:38:0.49800333140563
38:81:0.90569543261467
81:38:0.90569543261467
39:42:0.5909527936304
42:39:0.5909527936304
39:44:0.073123287402397
44:39:0.073123287402397
39:52:0.90984128361704
52:39:0.90984128361704
40:47:0.60692771812769
47:40:0.60692771812769
40:72:0.73657249810512
72:40:0.73657249810512
40:73:0.25424927766691
73:40:0.25424927766691
40:74:0.51769827651047
74:40:0.51769827651047
40:79:0.53127194955861
79:40:0.53127194955861
40:80:0.16666639067283
80:40:0.16666639067283
40:84:0.75281710545358
84:40:0.75281710545358
40:91:0.45550368458975
91:40:0.45550368458975
40:92:0.94778070043132
92:40:0.94778070043132
40:95:0.77255801669204
95:40:0.77255801669204
40:99:0.906142947078
99:40:0.906142947078
41:43:0.71619359616135
43:41:0.71619359616135
41:70:0.48122495447736
70:41:0.48122495447736
41:85:0.84229012096574
85:41:0.84229012096574
41:86:0.92579107521457
86:41:0.92579107521457
42:44:0.57997464898616
44:42:0.57997464898616
42:52:0.98367897338399
52:42:0.98367897338399
43:70:0.52277415492565
70:43:0.52277415492565
43:86:0.24105886011828
86:43:0.24105886011828
44:52:0.97738800845491
52:44:0.97738800845491
45:71:0.92642156846779
71:45:0.92642156846779
45:76:0.99207383228406
76:45:0.99207383228406
45:78:0.82028696613953
78:45:0.82028696613953
45:89:0.73558455022692
89:45:0.73558455022692
46:71:0.79936789764442
71:46:0.79936789764442
47:67:0.72188889254913
67:47:0.72188889254913
47:73:0.64108837983934
73:47:0.64108837983934
47:74:0.90979613628884
74:47:0.90979613628884
47:80:0.4408559749941
80:47:0.4408559749941
47:84:0.64063592506368
84:47:0.64063592506368
47:91:0.82530150533327
91:47:0.82530150533327
47:95:0.58234986713112
95:47:0.58234986713112
48:55:0.82498714819387
55:48:0.82498714819387
48:58:0.33181860808259
58:48:0.33181860808259
48:59:0.48141896123743
59:48:0.48141896123743
48:68:0.86987286164147
68:48:0.86987286164147
48:85:0.8564327554038
85:48:0.8564327554038
48:88:0.45764662677526
88:48:0.45764662677526
49:82:0.36126605044359
82:49:0.36126605044359
50:55:0.53300888210326
55:50:0.53300888210326
50:68:0.40036005870274
68:50:0.40036005870274
50:81:0.49490782671249
81:50:0.49490782671249
51:72:0.89822577131573
72:51:0.89822577131573
51:79:0.63690289954604
79:51:0.63690289954604
51:92:0.70716018009325
92:51:0.70716018009325
51:99:0.3063729492876
99:51:0.3063729492876
52:59:0.81101241167638
59:52:0.81101241167638
52:88:0.69321282801828
88:52:0.69321282801828
53:66:0.90762866937836
66:53:0.90762866937836
53:77:0.48679961273606
77:53:0.48679961273606
54:57:0.84304201476623
57:54:0.84304201476623
54:62:0.36420283100392
62:54:0.36420283100392
54:64:0.62283026243156
64:54:0.62283026243156
54:66:0.95221341045396
66:54:0.95221341045396
54:75:0.95305177171182
75:54:0.95305177171182
54:83:0.79127956149096
83:54:0.79127956149096
54:90:0.63085264466168
90:54:0.63085264466168
54:96:0.91577487601626
96:54:0.91577487601626
55:58:0.89539898115725
58:55:0.89539898115725
55:59:0.95796711571071
59:55:0.95796711571071
55:68:0.1346993716803
68:55:0.1346993716803
55:81:0.99496533419307
81:55:0.99496533419307
56:61:0.3978244714358
61:56:0.3978244714358
56:66:0.93869568625879
66:56:0.93869568625879
56:97:0.53417962914624
97:56:0.53417962914624
57:64:0.75519035228934
64:57:0.75519035228934
57:65:0.75042775052646
65:57:0.75042775052646
57:75:0.85807477261316
75:57:0.85807477261316
57:90:0.9472083408147
90:57:0.9472083408147
57:93:0.65736664582337
93:57:0.65736664582337
57:96:0.53114247099855
96:57:0.53114247099855
58:59:0.8131666850659
59:58:0.8131666850659
58:68:0.88994380271441
68:58:0.88994380271441
58:85:0.60434681365999
85:58:0.60434681365999
58:88:0.71664234356528
88:58:0.71664234356528
59:88:0.38818638583109
88:59:0.38818638583109
60:63:0.98476196771025
63:60:0.98476196771025
60:71:0.48439420448582
71:60:0.48439420448582
60:78:0.39322768705301
78:60:0.39322768705301
60:89:0.75597138605164
89:60:0.75597138605164
61:66:0.66131268707139
66:61:0.66131268707139
61:77:0.82533934865591
77:61:0.82533934865591
61:97:0.36410809898755
97:61:0.36410809898755
62:64:0.95506400772382
64:62:0.95506400772382
62:66:0.87624403657785
66:62:0.87624403657785
62:83:0.50408240488385
83:62:0.50408240488385
62:90:0.91197371707859
90:62:0.91197371707859
63:77:0.91066218078206
77:63:0.91066218078206
63:97:0.85058248054672
97:63:0.85058248054672
64:75:0.33286859429494
75:64:0.33286859429494
64:90:0.20422702491924
90:64:0.20422702491924
64:93:0.51998632059639
93:64:0.51998632059639
64:96:0.43850854198705
96:64:0.43850854198705
65:67:0.5546645055351
67:65:0.5546645055351
65:93:0.80906327749828
93:65:0.80906327749828
65:96:0.82160039461473
96:65:0.82160039461473
66:77:0.51987253853378
77:66:0.51987253853378
66:97:0.9895871827177
97:66:0.9895871827177
67:69:0.75297801190907
69:67:0.75297801190907
68:81:0.87221630758077
81:68:0.87221630758077
69:81:0.76177752149967
81:69:0.76177752149967
70:86:0.62547289011014
86:70:0.62547289011014
71:78:0.61997418817255
78:71:0.61997418817255
71:89:0.93915689859238
89:71:0.93915689859238
72:73:0.78123344017569
73:72:0.78123344017569
72:74:0.73010799058019
74:72:0.73010799058019
72:79:0.43562586582648
79:72:0.43562586582648
72:80:0.90323337987264
80:72:0.90323337987264
72:91:0.762265086142
91:72:0.762265086142
72:99:0.59221990305203
99:72:0.59221990305203
73:74:0.29708984187711
74:73:0.29708984187711
73:79:0.71178319191126
79:73:0.71178319191126
73:80:0.30409215261662
80:73:0.30409215261662
73:84:0.96349444672802
84:73:0.96349444672802
73:91:0.22014738530814
91:73:0.22014738530814
73:95:0.96670253693551
95:73:0.96670253693551
74:79:0.82906921869421
79:74:0.82906921869421
74:80:0.60001913516048
80:74:0.60001913516048
74:82:0.78994229550204
82:74:0.78994229550204
74:91:0.084494827014227
91:74:0.084494827014227
75:90:0.43613754255275
90:75:0.43613754255275
75:93:0.32725141497531
93:75:0.32725141497531
75:96:0.35584574039842
96:75:0.35584574039842
76:78:0.66048123542138
78:76:0.66048123542138
76:86:0.83061285577964
86:76:0.83061285577964
76:89:0.33722399898184
89:76:0.33722399898184
78:89:0.36827161415639
89:78:0.36827161415639
79:80:0.67288733297488
80:79:0.67288733297488
79:84:0.942967262935
84:79:0.942967262935
79:91:0.81524903251456
91:79:0.81524903251456
79:92:0.78315410767784
92:79:0.78315410767784
79:99:0.37948308202855
99:79:0.37948308202855
80:84:0.66032319272261
84:80:0.66032319272261
80:91:0.52423000860653
91:80:0.52423000860653
80:92:0.95656222496026
92:80:0.95656222496026
80:95:0.66283841824805
95:80:0.66283841824805
81:82:0.97751547867363
82:81:0.97751547867363
82:91:0.87226276777853
91:82:0.87226276777853
84:92:0.57251324026589
92:84:0.57251324026589
84:95:0.093134350336665
95:84:0.093134350336665
87:94:0.71641155514848
94:87:0.71641155514848
90:93:0.69524995876619
93:90:0.69524995876619
90:94:0.8804178257499
94:90:0.8804178257499
90:96:0.63333339977162
96:90:0.63333339977162
92:95:0.66465065360258
95:92:0.66465065360258
92:99:0.79680367597131
99:92:0.79680367597131
93:96:0.15003796258757
96:93:0.15003796258757
